729
698
251
82
676
110
713
389
839
284
305
310
446
481
859
226
560
722
38
177
995
55
105
495
500
250
89
527
92
899
577
201
663
64
946
123
991
836
963
287
655
833
994
320
91
758
311
275
167
717
146
910
415
304
376
636
596
338
517
433
5
314
804
633
992
414
696
707
90
163
585
667
7
570
666
876
216
315
597
461
959
205
646
50
492
617
797
889
626
39
987
331
21
286
606
118
186
509
293
773
292
671
127
327
519
505
906
355
958
359
302
592
970
678
499
40
72
34
922
851
183
254
138
262
211
503
731
266
280
326
169
980
716
826
182
720
518
95
918
172
740
961
316
864
543
28
615
841
2
697
453
736
97
295
945
179
576
525
708
449
384
743
756
425
795
285
451
761
924
337
682
578
784
210
630
289
9
388
783
374
914
15
774
544
689
259
925
436
137
134
117
704
532
271
239
692
881
629
968
522
892
23
844
419
612
631
80
799
438
643
634
161
291
817
153
460
52
343
93
166
966
602
659
464
139
823
608
456
681
825
956
223
248
148
130
294
782
735
623
122
934
49
498
324
482
558
753
489
711
119
824
162
257
668
587
296
12
650
714
336
401
530
140
94
191
871
976
912
834
954
18
319
102
691
790
514
900
272
832
363
911
579
971
176
645
328
288
828
898
135
757
37
303
983
766
923
781
512
741
957
747
175
516
935
845
342
739
387
998
861
647
507
670
279
887
744
340
237
581
428
358
965
341
165
199
594
350
180
574
88
850
611
486
219
409
463
45
759
8
648
580
540
847
878
948
811
593
569
258
805
467
862
511
863
395
710
919
724
506
619
372
621
564
432
800
552
909
174
930
472
683
131
775
84
624
379
872
620
984
71
236
196
276
950
249
397
701
283
346
490
641
213
967
920
27
690
582
334
142
469
551
434
267
32
109
67
273
703
792
504
903
599
829
410
473
307
534
411
107
550
778
402
974
638
969
986
69
477
665
802
523
888
538
625
821
242
809
63
244
762
53
170
874
270
528
381
406
755
81
794
896
890
568
448
86
51
588
694
709
386
373
989
361
200
30
230
329
693
370
76
768
673
101
947
555
360
732
858
99
812
705
424
204
545
750
718
392
894
332
715
488
368
520
853
17
70
362
600
816
114
601
317
231
112
268
662
57
884
536
712
399
748
375
943
185
155
56
65
129
513
412
838
274
895
232
151
583
726
437
542
476
345
439
658
908
143
297
808
145
229
168
848
398
189
227
150
24
325
981
940
357
298
931
26
96
496
752
497
571
893
228
390
554
159
679
702
221
721
548
313
416
404
487
719
16
42
290
607
62
660
972
770
561
1000
776
734
635
866
282
364
382
347
195
572
627
445
246
951
440
882
916
41
502
281
988
907
429
730
380
764
103
933
265
10
559
975
152
654
485
403
541
54
157
990
785
422
787
455
22
674
475
556
610
450
420
447
985
197
771
100
917
431
590
763
938
904
483
944
13
181
147
144
85
586
869
156
927
393
769
108
352
83
501
187
77
192
546
779
111
684
913
385
685
252
173
235
699
400
902
749
198
48
803
688
515
657
562
598
209
378
807
793
240
605
640
842
535
767
203
202
798
613
549
46
529
830
20
68
609
928
4
3
996
789
73
309
857
728
318
822
723
115
508
737
66
330
883
160
604
418
353
58
727
220
465
59
672
868
225
827
664
901
875
178
79
563
74
6
264
575
765
301
43
937
746
510
521
184
247
459
939
553
1
478
224
479
391
584
124
865
733
452
222
208
351
772
566
426
856
335
814
321
786
457
377
31
190
277
125
471
194
661
993
344
738
941
791
349
369
466
33
116
897
29
256
936
788
982
494
354
819
484
921
427
241
215
818
493
796
849
547
158
835
405
651
867
126
371
164
474
365
700
810
754
929
113
491
214
333
260
233
955
979
973
628
413
618
932
891
652
417
926
695
879
964
121
669
78
595
687
98
323
35
942
243
960
837
653
873
616
171
840
14
87
573
622
207
75
245
686
885
706
852
539
860
915
120
269
141
468
61
978
339
261
47
458
977
348
675
742
567
877
454
322
394
60
234
642
953
751
843
356
133
11
637
193
312
680
217
306
421
962
777
136
206
801
462
997
632
19
106
526
435
470
212
253
565
677
443
36
154
531
952
149
603
25
557
855
300
423
870
745
263
238
846
806
524
813
442
780
366
188
649
383
407
128
278
104
854
999
644
396
537
831
218
533
886
44
589
614
132
591
820
880
408
441
725
308
760
949
430
255
639
367
815
444
656
905
299
480
